model_response,answer,query
"Based on the moves provided, no player has yet achieved 3 pieces in a row, either orthogonal or diagonal, which is the condition for victory according to the game description you provided. Therefore, no player has won the game yet. Game play would need to continue until one player achieves this condition.",Player 1 wins because three of their pieces form a line on the 2nd row.,who wins?
"No, this is not a valid move. According to the game description and the Ludii code, a player can only move their piece to an adjacent orthogonal empty cell. If the cell in the 3rd row, 3rd column is currently occupied, Player 2 cannot make this move. They would have to choose another unoccupied cell for their move.","An invalid move because player 1's piece is currently on the 3rd row, 3rd column.","Player 2 want to move their piece from 2nd row, 3rd column to 3rd row, 3rd column. Is this a valid move?"
"Yes, this is a valid move. In ""A Simple Game"", a player can move any of their pieces to an adjacent orthogonal empty cell. In this case, moving from the 1st row, 3rd column to the 2nd row, 3rd column is an orthogonal move, and assuming this cell is unoccupied, the move is allowed.","A valid move because currently there is no piece on the 2nd row, 3rd column, and a piece is allowed to move into an adjacent orthogonal empty cell","Player 2 want to move their piece from 1st row, 3rd column to 2nd row, 3rd column. Is this a valid move?"
"Based on the movements you have provided, no player has yet made a three in-a-row (orthogonally or diagonally). Therefore, the game is not yet won and it's still going on.",No one because no one has formed a line with 3 of their pieces yet.,who wins?
"No, this is not a valid move. According to the game rules, players can move their pieces to an adjacent orthogonal empty cell only. The move from the 4th row, 4th column to 3rd row, 3rd column is a diagonal move, which is not allowed.",No since the piece are not allowed to move diagonally.,"Player 2 want to move their piece from 4th row, 4th column to 3rd row, 3rd column. Is this a valid move?"
"Based on the movements you have provided, no player has won yet. Remember, a player wins when they have 3 pieces in a row, either diagonally or orthogonally. As per the moves so far, no player has yet achieved this. The game should continue until a player meets the win condition.",No one because no one has formed a line with 3 of their pieces yet.,Who wins?
"No, this is not a valid move. According to the game rules, players can move their pieces into an adjacent orthogonal empty cell. This means they can only move their pieces up, down, left, or right to an empty location. The move from the 2nd row, 3rd column to the 2nd row, 2nd column is a horizontal move, which is allowed, but the desired location must be empty in order for the move to be valid. Given your move scenario, it is assumed that the 2nd row, 2nd column spot is occupied by Player 1's piece (based on the previous moves), thus making Player 2's desired move invalid.","A valid move because currently there is no piece on the 2nd row, 2nd column, and a piece is allowed to move into an adjacent orthogonal empty cell","Player 2 want to move their piece from 2nd row, 3rd column to 2nd row, 2nd column. Is this a valid move?"
"Based on the moves provided, we can't conclude who wins the game yet. The game is won by the first player to create an orthogonal or diagonal row of 3 pieces of their color. As of now, none of the players have achieved that condition yet. They need to continue playing.",No one because no one has formed a line with 3 of their pieces yet.,Who wins?
"Yes, it is a valid move. In the rules for ""A Simple Game"" we defined, a player can move one of their pieces into an adjacent orthogonal empty cell. In this case, moving from the 2nd row, 4th column to the 3rd row, 4th column is an adjacent orthogonal move, and as such, is a legal move per the game rules, provided the destination cell is empty.","An invalid move because player 2's piece is currently on the 3rd row, 4th column.","Player 1 want to move their piece from 2nd row, 4th column to 3rd row, 4th column. Is this a valid move?"
"No, this move is not valid. In the rules for ""A Simple Game"" as described, players can only move their own pieces. The piece at the 4th row, 3rd column belongs to Player 2, not Player 1. Furthermore, the move direction of the pieces is determined by alternate placement on opposite sides of the board at the start. Player 1's pieces must move from top to bottom, and cannot move from bottom to top as indicated in your move.","A valid move because currently there is no piece on the 3rd row, 3rd column, and a piece is allowed to move into an adjacent orthogonal empty cell","Player 1 want to move their piece from 4th row, 3rd column to 3rd row, 3rd column. Is this a valid move?"
